0;57.65194320678711
1.6819942424370171;57.53676605224609
3.36392173383161;58.64840316772461
5.045782522696336;58.59489059448242
6.727576657524977;57.67942810058594
8.409304186792694;57.49688720703125
10.090965158948249;58.24713897705078
11.772559622425085;58.00606918334961
13.454087625632788;56.88381958007812
15.135549216959724;56.55707931518555
16.81694444477538;53.95508193969727
18.498273357427784;49.08658218383789
20.1795360032413;55.53031158447266
21.860732430524106;56.95235443115234
23.54186268755961;57.47125625610352
25.22292682261318;56.994384765625
26.90392488392684;59.19558334350586
28.58485691972417;58.76557540893555
30.265722978205968;58.05034255981445
31.946523107553247;57.17301940917969
33.627257355925124;57.48145294189453
35.3079257714627;58.00201797485352
36.98852840228271;58.00977325439453
38.66906529648233;58.87453842163086
40.3495365021389;58.0963249206543
42.02994206730974;59.15247344970703
43.71028204002604;59.10683059692383
45.39055646830627;58
47.07076540014116;58.11465072631836
48.75090888350497;57.96416091918945
50.43098696634828;58.39194107055664
52.11099969660389;64.88247680664062
53.790947122179524;62.49547576904297
55.470829290967664;61.38734436035156
57.15064625083604;62.9486198425293
58.83039804963267;55.91447067260742
60.51008473518386;55.87100219726562
62.18970635529928;55.99567031860352
63.86926295776188;54.81807708740234
65.54875459033765;53.07992553710938
67.22818130077214;56.94942855834961
68.90754313678569;49.63334274291992
70.58684014608548;50.72888946533203
72.26607237635118;50.43783569335938
73.9452398752462;49.72476959228516
75.62434269040925;51.02115249633789
77.30338086946212;50.07648086547852
78.98235446000375;52.74001312255859
80.66126350961277;51.71608352661133
82.3401080658475;51.50312042236328
84.01888817624518;52.19351577758789
85.69760388832252;52.2294807434082
87.37625524957684;48.47613906860352
89.05484230748144;48.843017578125
90.73336510949244;49.95371627807617
92.41182370304449;52.58700180053711
94.09021813554993;58.84599304199219
95.76854845440229;57.33841705322266
97.44681470697346;57.83224487304688
99.12501694061508;56.78571319580078
100.80315520265792;56.43358612060547
102.4812295404141;48.26303482055664
104.15924000117148;48.96620559692383
105.83718663219935;45.9896125793457
107.5150694807467;54.57062530517578
109.19288859404081;47.84553909301758
110.87064401929075;48.91402435302734
112.54833580368272;46.7969970703125
114.22596399438196;48.93812561035156
115.90352863853397;45.34549331665039
117.58102978326558;47.11819839477539
119.25846747567974;46.77523803710938
120.93584176286195;52.36477661132812
122.61315269187345;49.39833831787109
124.29040030975965;53.21942901611328
125.96758466354049;54.40342330932617
127.64470580021974;51.64936065673828
129.32176376677782;51.51755523681641
130.99875861017586;51.92918014526367
132.67569037735416;50.44563293457031
134.3525591152314;48.68484878540039
136.0293648707085;48.87855911254883
137.7061076906634;47.82229614257812
139.3827876219535;42.48131561279297
141.059404711418;47.27635192871094
142.7359590058737;48.36295318603516
144.41245055211877;47.80384063720703
146.08887939692698;46.67177963256836
147.76524558705597;47.65413665771484
149.44154916924074;50.62008666992188
151.11779019019625;52.48090362548828
152.793968696618;49.29901504516602
154.47008473517852;46.12229156494141
156.1461383525335;49.41023635864258
157.82212959531455;49.28322601318359
159.4980585101344;50.4216423034668
161.1739251435875;50.53726577758789
162.8497295422439;56.40800857543945
164.5254717526559;51.82655715942383
166.20115182135493;56.71191024780273
167.87676979485235;61.06620025634766
169.55232571963722;63.30926132202148
171.22781964218143;70.33331298828125
172.9032516089333;68.34357452392578
174.57862166632395;70.38896942138672
176.25392986076008;65.84025573730469
177.92917623863198;59.56369781494141
179.60436084630706;51.78365707397461
181.27948373013487;59.36656188964844
182.9545449364415;58.54375839233398
184.62954451153416;59.37438583374023
186.30448250170173;61.13306427001953
187.97935895320927;52.5380744934082
189.65417391230312;58.9466667175293
191.3289274252103;55.23281478881836
193.00361953813675;56.18996047973633
194.67825029726635;57.90039825439453
196.35281974876688;59.14987945556641
198.0273279387819;56.83317184448242
199.70177491343605;59.09028625488281
201.37616071883244;68.1291732788086
203.05048540105787;74.29011535644531
204.7247490061744;68.28208923339844
206.39895158022776;76.33106231689453
207.94485987587882;77.03179931640625
209.56975574535662;66.8685531616211
211.19464879399618;78.42892456054688
212.8195390254989;76.22181701660156
214.44442644356363;78.27481079101562
216.06931105188224;80.70228576660156
217.69419285414386;80.15238189697266
219.31907185403378;79.7402114868164
220.94394805523257;83.42349243164062
222.56882146141697;76.39524841308594
224.19369207625715;80.91214752197266
225.81855990342322;81.14297485351562
227.44342494657957;79.60388946533203
229.06828720938327;76.47208404541016
230.69314669549152;74.11126708984375
232.31800340855614;75.55362701416016
233.94285735222158;72.4695053100586
235.56770853013467;70.16947174072266
237.19255694593122;75.11507415771484
238.81740260324776;73.94921112060547
240.44224550571352;72.4186782836914
242.06708565695507;75.23040771484375
243.6919230605968;78.14772033691406
245.31675772025406;70.98807525634766
246.9415896395429;65.77124786376953
248.56641882207177;56.13877868652344
250.19124527144803;66.44341278076172
251.8160689912728;66.26238250732422
253.4408899851444;71.48885345458984
255.06570825665548;65.41325378417969
256.6905238093956;60.98081588745117
258.3153366469525;60.79554748535156
259.94014677290556;64.99078369140625
261.56495419083285;67.63390350341797
263.1897589043072;68.58816528320312
264.8145609168993;64.48509216308594
266.43936023217316;70.28629302978516
268.0641568536903;66.21783447265625
269.6889507850087;68.06988525390625
271.3137420296803;68.54853820800781
272.93853059125684;64.64397430419922
274.5633164732812;59.35308837890625
276.18809967929496;67.55399322509766
277.81288021283586;62.1566276550293
279.4376580774378;68.11988067626953
281.06243327663026;70.265380859375
282.6872058139367;74.48135375976562
284.3119756928805;54.50027084350586
285.93674291697795;56.07381439208984
287.5615074897432;56.49618530273438
289.18626941468517;67.16228485107422
290.8110286953105;45.12752532958984
292.43578533512135;45.78801727294922
294.0605393376124;46.65436935424805
295.6852907062811;74.06744384765625
297.3100394446152;64.3125991821289
298.9347855561007;55.14249038696289
300.5595290442214;68.25621032714844
302.1842699124535;72.96688079833984
303.80900816427334;77.63204956054688
305.4287112779606;73.6795654296875
307.0609783121896;70.75914001464844
308.6932291712552;72.95967864990234
310.32546387531374;76.82838439941406
311.95768244450113;73.61566162109375
313.5898848989321;71.62966918945312
315.2220712587018;70.3447036743164
316.8542415438839;77.99586486816406
318.4863957745343;78.4229507446289
320.1185339706833;78.21187591552734
321.75065615234587;73.02110290527344
323.3827623395151;79.68096923828125
325.01485255216284;75.98688507080078
326.6469268102398;72.38568878173828
328.27898513368064;69.41121673583984
329.91102754239625;66.3974609375
331.5430540562766;63.2497444152832
333.1750646951946;65.83201599121094
334.80705947900253;72.26444244384766
336.43903842752843;80.57776641845703
338.0710015605862;76.39244842529297
339.702948897966;76.22572326660156
341.3348804594384;66.40628051757812
342.9667962647552;66.40083312988281
344.59869633364724;65.95679473876953
346.2305806858254;73.167236328125
347.8624493409815;75.98541259765625
349.49430231878847;75.70903015136719
351.12613963889396;82.9288101196289
352.75796132093365;86.52603149414062
354.38976738451754;82.87283325195312
356.02155784923826;87.04805755615234
357.65333273466877;90.08351135253906
359.285092060361;94.87139129638672
360.91683584584854;96.96025085449219
362.5485641106463;90.88272094726562
364.1802768742461;81.5959243774414
365.8119741561231;77.91313171386719
367.443655975732;77.25055694580078
369.07532235250824;78.80118560791016
370.70697330586864;77.8595199584961
372.3386088552067;81.1158676147461
373.97022901990186;81.18660736083984
375.60183381930983;100.6247329711914
377.23342327276964;98.4561767578125
378.86499739959976;104.7545928955078
380.4965562190989;105.7513275146484
382.1280997505485;98.70036315917969
383.75962801320765;101.7157669067383
385.3911410263172;103.844612121582
387.0226388091028;102.4143142700195
388.65412138076533;103.0214157104492
390.2855887604888;104.5811920166016
391.91704096743683;104.1072082519531
393.5484780207577;91.36158752441406
395.1798999395766;88.10173034667969
396.8113067430004;87.5574722290039
398.44269845011905;81.48787689208984
400.0740750800001;80.66265869140625
401.7054366516963;82.74314880371094
403.3367831842378;78.60491180419922
404.96811469663743;77.32556915283203
406.5994312078896;81.32343292236328
408.23073273696826;77.13127899169922
409.8620193028291;78.01897430419922
411.49329092441167;78.7760238647461